0.01164316552435757 0.37374948376788003 0.1496902596782821 -0.07946480814155739 0.02807034012074567 0.016125165950212742 0.01164316552435757 0.37374948376788003 0.1496902596782821 
0.035010931499039104 0.8472249424746979 0.3457596786680962 -0.1469522483694561 0.09206085145940664 0.053484742615903046 0.035010931499039104 0.8472249424746979 0.3457596786680962 
0.043104435925667234 0.7232348116299008 0.3068682741792355 -0.07393966132308503 0.10584347180101196 0.06645966522872578 0.043104435925667234 0.7232348116299008 0.3068682741792355 
0.03627799389585192 0.6777631464262981 0.2919414272671337 -0.06858033834912686 0.08156911724911295 0.05629068449364783 0.03627799389585192 0.6777631464262981 0.2919414272671337 
0.03072397159843243 0.7680808589213369 0.32773125222216737 -0.09543678866725007 0.0989253493026943 0.06010960052763318 0.03072397159843243 0.7680808589213369 0.32773125222216737 
0.025275406914410138 0.6734232952253676 0.29557887153703877 -0.07817758889840686 0.0892914200973688 0.06371960173895473 0.025275406914410138 0.6734232952253676 0.29557887153703877 
0.023308206282632526 0.7224556997866981 0.3275373788635574 -0.10865880230633787 0.0670560522760937 0.06653126615400845 0.023308206282632526 0.7224556997866981 0.3275373788635574 
0.025994876202161357 0.6969857250373552 0.3316273866678297 -0.10898856748651067 0.08420292364847884 0.06492211969618002 0.025994876202161357 0.6969857250373552 0.3316273866678297 
0.028420121098379752 0.6761033817987301 0.33389308746742197 -0.09874164153360032 0.07758624588063508 0.056544765411528 0.028420121098379752 0.6761033817987301 0.33389308746742197 
0.03532371205597206 0.7043047093169487 0.34489943215508573 -0.07366913461220201 0.08351444917203718 0.0524021738711812 0.03532371205597206 0.7043047093169487 0.34489943215508573 
0.04152086805493602 0.6853721832830258 0.3314519964933113 -0.03772806239969442 0.1283718148933608 0.04693066899095439 0.04152086805493602 0.6853721832830258 0.3314519964933113 
0.03557814034939654 0.6991474466663387 0.336121673001272 -0.029721140791028756 0.15643316355535847 0.04858166583060159 0.03557814034939654 0.6991474466663387 0.336121673001272 
0.029726380695477488 0.6833339867012377 0.33392795763795746 -0.017357556165872524 0.1546655059275773 0.053182434147894184 0.029726380695477488 0.6833339867012377 0.33392795763795746 
0.030516495873335905 0.6813329749430814 0.3318676423556964 -0.015056773595134444 0.1281092511852891 0.058294802862102715 0.030516495873335905 0.6813329749430814 0.3318676423556964 
0.03125309677855106 0.6971274271934356 0.332346928579349 -0.010631143689662866 0.09816664775368122 0.061755020443331504 0.03125309677855106 0.6971274271934356 0.332346928579349 
0.030924804973712167 0.7088173174145017 0.3360253485286163 -0.010329806494575154 0.08296026578930178 0.05126866724481099 0.030924804973712167 0.7088173174145017 0.3360253485286163 
0.032239473719251587 0.7178893534841362 0.34306907721988933 -0.029856629311224923 0.08806122385707055 0.04181755566822562 0.032239473719251587 0.7178893534841362 0.34306907721988933 
0.038882047449116386 0.7160909580092283 0.3481071457348879 -0.03903005813206553 0.07999200453859852 0.041116545113066755 0.038882047449116386 0.7160909580092283 0.3481071457348879 
0.03932785248531414 0.7213691163015745 0.34913007945464597 -0.04715850571960114 0.06122816505024311 0.038622660557607366 0.03932785248531414 0.7213691163015745 0.34913007945464597 
0.03391719378687566 0.7283352188624832 0.3499112007061314 -0.06364917622463238 0.08159480863350782 0.032496361892585826 0.03391719378687566 0.7283352188624832 0.3499112007061314 
0.03294006226474523 0.7292192311349786 0.3582007716443151 -0.0800055465002757 0.08789851945157365 0.032165183117402185 0.03294006226474523 0.7292192311349786 0.3582007716443151 
0.035328205215846585 0.7244562189208201 0.36271065930810326 -0.10179919983082206 0.06351965861728254 0.042321727336601625 0.035328205215846585 0.7244562189208201 0.36271065930810326 
0.044255409324389955 0.7115875971196551 0.3606292745257545 -0.10368962756879518 0.07259932287590057 0.05443551965990896 0.044255409324389955 0.7115875971196551 0.3606292745257545 
0.04624800393700026 0.706451052427569 0.36174368103868315 -0.08424068864297923 0.10090601278648913 0.06008343943455605 0.04624800393700026 0.706451052427569 0.36174368103868315 
0.047123553275994344 0.7278749415807723 0.3571142809682779 -0.07571018171478833 0.12556469845475454 0.05587597391574323 0.047123553275994344 0.7278749415807723 0.3571142809682779 
0.05829297836909045 0.7516978013582515 0.35286951004788436 -0.07207878262388308 0.15375359932911103 0.03909557247249396 0.05829297836909045 0.7516978013582515 0.35286951004788436 
0.0544120669166319 0.7486736295243478 0.3575639518919827 -0.05677433065376075 0.16080936391302506 0.007868263797662353 0.0544120669166319 0.7486736295243478 0.3575639518919827 
0.03804342494645414 0.7268969813449176 0.35400869457724954 -0.053554424018329765 0.14362115609590606 -0.015609167966915779 0.03804342494645414 0.7268969813449176 0.35400869457724954 
0.03218921411147044 0.703994254808713 0.349944062938561 -0.07060902049461576 0.13337918293559217 -0.02027577696024613 0.03218921411147044 0.703994254808713 0.349944062938561 
0.033238655031991075 0.6965668261592864 0.3590520430286211 -0.09033923326662466 0.11461271873229967 -0.01283603898436369 0.033238655031991075 0.6965668261592864 0.3590520430286211 
0.03572322783351947 0.7001601511358377 0.372527869618516 -0.10715179677491443 0.07753053732760545 0.025761183928675466 0.03572322783351947 0.7001601511358377 0.372527869618516 
0.03952487177275576 0.6944409903529256 0.37376010580436786 -0.10271825217314376 0.06702904633334292 0.06870902218632341 0.03952487177275576 0.6944409903529256 0.37376010580436786 
0.038164724043548086 0.6848015869780711 0.37506700740475146 -0.09929452220026141 0.06254976582442474 0.07581790384091507 0.038164724043548086 0.6848015869780711 0.37506700740475146 
0.03839542200755954 0.693547230511629 0.4010222864260171 -0.11193999731018663 0.046263067720901586 0.06302425488069022 0.03839542200755954 0.693547230511629 0.4010222864260171 
0.04000581305684994 0.7148645276902792 0.42121867993879675 -0.11451442144269705 0.04056760687156433 0.05874102971285227 0.04000581305684994 0.7148645276902792 0.42121867993879675 
0.04277710625969819 0.7163860314025184 0.4130791877672236 -0.1056508128387485 0.038238938878404766 0.07128242993809111 0.04277710625969819 0.7163860314025184 0.4130791877672236 
0.056460881707171034 0.7004874774948455 0.4147432578247232 -0.09700821952040473 0.040353307250285686 0.08154167879187353 0.056460881707171034 0.7004874774948455 0.4147432578247232 
0.0637529075334829 0.6982415977879848 0.4333841762312959 -0.08095006240306493 0.05750070464485047 0.08632066333419813 0.0637529075334829 0.6982415977879848 0.4333841762312959 
0.06292748618759432 0.7061420288215778 0.43100262557482116 -0.07068599813071431 0.08151868166210412 0.07397627190627477 0.06292748618759432 0.7061420288215778 0.43100262557482116 
0.05684779601165588 0.6968571839680696 0.435960827131992 -0.07801921341787338 0.08234613234683201 0.05336603513308071 0.05684779601165588 0.6968571839680696 0.435960827131992 
0.04088230428735889 0.7022038034794293 0.4584777517863685 -0.07151466438928306 0.08384319540406018 0.04711524926573969 0.04088230428735889 0.7022038034794293 0.4584777517863685 
0.03701390017376686 0.723873657676995 0.4408080269726852 -0.060980195855742526 0.09179749866987894 0.033371059182327134 0.03701390017376686 0.723873657676995 0.4408080269726852 
0.04317563140596281 0.7019057867845059 0.416132201867195 -0.03404803016852297 0.08792815758357228 0.027824027050444743 0.04317563140596281 0.7019057867845059 0.416132201867195 
0.04515310978045967 0.6820511232598742 0.43170503687779893 0.0038160682394552912 0.05935337113143262 0.0456232992960596 0.04515310978045967 0.6820511232598742 0.43170503687779893 
0.04860973747681021 0.6900432819195121 0.44984076072444734 0.03645148516506373 0.011754350467661658 0.06647655226931129 0.04860973747681021 0.6900432819195121 0.44984076072444734 
0.055965248649031595 0.6943796665172853 0.448705428493505 0.07527130442982384 0.035697844145911796 0.06730478817852477 0.055965248649031595 0.6943796665172853 0.448705428493505 
0.05949391543770305 0.6921289583053968 0.44067304416688563 0.09978418822920125 0.1110495946455806 0.04205010060368114 0.05949391543770305 0.6921289583053968 0.44067304416688563 
0.06425164527035189 0.6790097855794527 0.43094663984016746 0.14019351299369626 0.13504582496577808 0.01151792275322464 0.06425164527035189 0.6790097855794527 0.43094663984016746 
0.05981423804587236 0.6619933371547334 0.42242461270230647 0.18313633748479818 0.13438566538227212 -0.0019236345298402598 0.05981423804587236 0.6619933371547334 0.42242461270230647 
0.04247037821908442 0.6473140588470596 0.41805654887700866 0.19379146536312677 0.13510712767241495 0.013332906095886117 0.04247037821908442 0.6473140588470596 0.41805654887700866 
0.04185126295310291 0.6436098043376213 0.4243915583300592 0.1827682238780795 0.10352166845079105 0.03585472366793491 0.04185126295310291 0.6436098043376213 0.4243915583300592 
0.03956863432483037 0.6348107786948327 0.43475130127574574 0.18411177160577671 0.08808850711588918 0.05882933760689509 0.03956863432483037 0.6348107786948327 0.43475130127574574 
0.03038315742554531 0.634080630369981 0.42555335749307 0.21826329416061022 0.11282242648844683 0.07567735459964163 0.03038315742554531 0.634080630369981 0.42555335749307 
0.029789005603290685 0.6491601735411535 0.4186311791856079 0.23902193304719535 0.12332656734793203 0.07441743854165953 0.029789005603290685 0.6491601735411535 0.4186311791856079 
0.03343511006804115 0.6636829165394996 0.42761811822578594 0.24672272690770133 0.12413971542616081 0.06824083682266435 0.03343511006804115 0.6636829165394996 0.42761811822578594 
0.04043560994291218 0.6845697612588718 0.4191689407041319 0.24585532524002218 0.1283322118188673 0.0548985914435159 0.04043560994291218 0.6845697612588718 0.4191689407041319 
0.04364308549355504 0.6865184706139092 0.4070932873036613 0.22761678340055727 0.13284715624325213 0.057066294380596086 0.04364308549355504 0.6865184706139092 0.4070932873036613 
0.05111300878825765 0.671921636176052 0.39990593311662714 0.21890117708549048 0.1421613005855363 0.0879276994016193 0.05111300878825765 0.671921636176052 0.39990593311662714 
0.05460522463046976 0.6555249488594181 0.3927795447284468 0.22849283120174582 0.1611266840848041 0.11723864695201114 0.05460522463046976 0.6555249488594181 0.3927795447284468 
0.05040646598616963 0.6374309057281115 0.40139250209776095 0.24254715824541903 0.2087112093720177 0.13670126938530247 0.05040646598616963 0.6374309057281115 0.40139250209776095 
0.048929644510344386 0.6473282530798037 0.39994129076977003 0.2634726695163568 0.2507152522829322 0.15069850177837568 0.048929644510344386 0.6473282530798037 0.39994129076977003 
0.052512218898067155 0.6819418859924552 0.37138821159388113 0.30315089103487397 0.2654022791687569 0.15829330429540917 0.052512218898067155 0.6819418859924552 0.37138821159388113 
0.062125035223700005 0.7006125631179093 0.341630815498592 0.30573002661780635 0.2538075625368771 0.14856561958102202 0.062125035223700005 0.7006125631179093 0.341630815498592 
0.051367249103391924 0.6965158650503644 0.34965068559657425 0.23667558098337785 0.1821991041567004 0.11213249642472072 0.051367249103391924 0.6965158650503644 0.34965068559657425 
0.03213279848806324 0.6901654955693199 0.3936654184435674 0.15107423914196486 0.06909403269409442 0.07560831508839606 0.03213279848806324 0.6901654955693199 0.3936654184435674 
0.025422215471763362 0.6715407515462011 0.4192317452100935 0.10187335005126105 0.02394719259331181 0.06263933594869776 0.025422215471763362 0.6715407515462011 0.4192317452100935 
0.02013422951799715 0.6417728990510735 0.41314234464332694 0.10138697663453317 0.10137227705341673 0.04993821204410654 0.02013422951799715 0.6417728990510735 0.41314234464332694 
0.03263234308287518 0.6292490849181734 0.3937361095217401 0.12531254449751514 0.14898944196513833 0.04921587995798727 0.03263234308287518 0.6292490849181734 0.3937361095217401 
0.04003968480579839 0.6331182438468792 0.35528497567802375 0.13657525608263651 0.12976074764703655 0.07215054135525381 0.04003968480579839 0.6331182438468792 0.35528497567802375 
0.04032267984978005 0.6480383625173448 0.3462522320119132 0.1297235476618871 0.11954021294319044 0.07965304854682251 0.04032267984978005 0.6480383625173448 0.3462522320119132 
0.05838560000047079 0.6565065785560168 0.37432443359289336 0.1226095459288535 0.08616305941092704 0.09560790388957105 0.05838560000047079 0.6565065785560168 0.37432443359289336 
0.06461971026312392 0.6511270653308411 0.36608568295094435 0.12141645146783349 0.05705184846068876 0.12687578716521603 0.06461971026312392 0.6511270653308411 0.36608568295094435 
0.05445551019327704 0.6491933027919378 0.36343821085888073 0.13247092190687565 0.06529443037019812 0.1408973567775886 0.05445551019327704 0.6491933027919378 0.36343821085888073 
0.03488205772143387 0.6540962881285385 0.37993645774114293 0.1504839141103153 0.07363134209944174 0.14795955665966357 0.03488205772143387 0.6540962881285385 0.37993645774114293 
0.031134164713101972 0.6656984458166646 0.362096809284795 0.16220778486990003 0.07634561132113675 0.13981658898513805 0.031134164713101972 0.6656984458166646 0.362096809284795 
0.05501517427726189 0.6747271569571645 0.34323480461198314 0.15945620256026455 0.08657572513578254 0.12292621505643161 0.05501517427726189 0.6747271569571645 0.34323480461198314 
0.06751760167212857 0.6815024188925447 0.3515492057590896 0.14887322525391647 0.028684793610288372 0.13001306844782795 0.06751760167212857 0.6815024188925447 0.3515492057590896 
0.07229499948469136 0.684010139073699 0.37263997848176067 0.13782607207058487 0.009992675764099925 0.13553893102426318 0.07229499948469136 0.684010139073699 0.37263997848176067 
0.0722938517862379 0.6659580708851542 0.37395185800110375 0.13437322122484743 0.08534396615489043 0.11529999815742899 0.0722938517862379 0.6659580708851542 0.37395185800110375 
0.05408110024688744 0.6515372008527979 0.3627903897375676 0.12950942443537136 0.0822734257277986 0.10692423413791982 0.05408110024688744 0.6515372008527979 0.3627903897375676 
0.048661966043206675 0.6520950738965787 0.36690527503841147 0.09284440473974943 0.08959155760092799 0.10608982258002918 0.048661966043206675 0.6520950738965787 0.36690527503841147 
0.058399281450762314 0.6424172470808834 0.37067757923809885 0.06532445339275297 0.13540970220489562 0.10128599379058689 0.058399281450762314 0.6424172470808834 0.37067757923809885 
0.06354246740617231 0.6371386503485105 0.3642193592264183 0.06413393867560042 0.14036826030370703 0.10105446131980612 0.06354246740617231 0.6371386503485105 0.3642193592264183 
0.06368441511538608 0.6487060943760217 0.3586581960377707 0.06510929519982518 0.1511091448174346 0.08645406085525954 0.06368441511538608 0.6487060943760217 0.3586581960377707 
0.05522808005686526 0.6659611613154517 0.36997937413122256 0.07097255217165771 0.1414547261356236 0.07684795138664703 0.05522808005686526 0.6659611613154517 0.36997937413122256 
0.04781771705759289 0.676348609475899 0.382530900886297 0.08395457387078578 0.11072389871257254 0.08046083974009782 0.04781771705759289 0.676348609475899 0.382530900886297 
0.0472081798378453 0.6734014945360614 0.3746244864833813 0.1105016999500683 0.08290846499947337 0.07620082037171161 0.0472081798378453 0.6734014945360614 0.3746244864833813 
0.0474986838464272 0.6691756398707471 0.3581999839723081 0.11929926282255718 0.04872586861313349 0.07009532014526826 0.0474986838464272 0.6691756398707471 0.3581999839723081 
0.04664577373558869 0.6623936579187848 0.35436631471741686 0.10720513962277892 0.025817024074389204 0.07595507563115184 0.04664577373558869 0.6623936579187848 0.35436631471741686 
0.04932148860027381 0.6592586223983521 0.3678683920434995 0.10531560654468303 0.03934079299427168 0.08168045714384213 0.04932148860027381 0.6592586223983521 0.3678683920434995 
0.04849847225573484 0.6649464824515893 0.37082913500707454 0.10212487098152749 0.09759260415992241 0.08153394468791408 0.04849847225573484 0.6649464824515893 0.37082913500707454 
0.04504628877607916 0.6677299190262184 0.35842528568421517 0.11295938746412715 0.11810867195439938 0.08550297003107143 0.04504628877607916 0.6677299190262184 0.35842528568421517 
0.055983938459521765 0.6705813065200106 0.3501256450524038 0.13986582150793064 0.07421543552790494 0.07696172297783604 0.055983938459521765 0.6705813065200106 0.3501256450524038 
0.07261737392000783 0.6717590537117172 0.3466171865624531 0.13604370609926916 0.0858206761783083 0.061727278761956175 0.07261737392000783 0.6717590537117172 0.3466171865624531 
0.07110750065954727 0.6569067947399156 0.34348731348378103 0.10986167530009569 0.11492222048969991 0.04333702612687525 0.07110750065954727 0.6569067947399156 0.34348731348378103 
0.04952233552207599 0.6348609983227278 0.34663143754042136 0.08454159897008363 0.08689137582073775 0.025696025844221454 0.04952233552207599 0.6348609983227278 0.34663143754042136 
0.03884060791159388 0.6362353663775735 0.3638997130684224 0.06772808158317296 0.06945580552812568 0.03024440186523062 0.03884060791159388 0.6362353663775735 0.3638997130684224 
0.046805517839086604 0.6489746715959233 0.37132537915629116 0.07083330013996433 0.06273533961314678 0.025688002626436345 0.046805517839086604 0.6489746715959233 0.37132537915629116 
0.05107259561053633 0.6478746737959369 0.358699050443159 0.09055687618510032 0.05979868650414218 0.001336214931689374 0.05107259561053633 0.6478746737959369 0.358699050443159 
0.05079679546382867 0.6482035943432326 0.3561103630776261 0.10601917030629503 0.06344002313479721 -0.011717576677152891 0.05079679546382867 0.6482035943432326 0.3561103630776261 
0.052371636209394536 0.6551541285933874 0.36099531639317495 0.12379275003004292 0.05065111177007622 -0.006987249709648804 0.052371636209394536 0.6551541285933874 0.36099531639317495 
0.05621402154239664 0.6611931893911782 0.3550005096752911 0.1549654701964879 0.043507955027263845 0.004921284776974716 0.05621402154239664 0.6611931893911782 0.3550005096752911 
0.061988027641481896 0.6694528236006027 0.34925594400474347 0.1661223823272345 0.04129422215253789 0.018307964730437287 0.061988027641481896 0.6694528236006027 0.34925594400474347 
0.05339729948569355 0.6767464209881173 0.3544897296398847 0.17349556319974246 0.005638822432356427 0.03087770997268657 0.05339729948569355 0.6767464209881173 0.3544897296398847 
0.04674818208476132 0.6808177806421751 0.35997665084383856 0.17082440785875394 -0.015139961662576286 0.03452254428869454 0.04674818208476132 0.6808177806421751 0.35997665084383856 
0.06512855399442416 0.6732506744230707 0.351193849239206 0.1365765331909636 0.006992032345405751 0.026962877565154114 0.06512855399442416 0.6732506744230707 0.351193849239206 
0.07089160715199878 0.6518728021577487 0.34786644218058377 0.12677026741560155 -0.005373735332951763 -0.0028724965696867145 0.07089160715199878 0.6518728021577487 0.34786644218058377 
0.05735117402260699 0.6448296952938294 0.35948381389659206 0.15545770337082268 -0.023824229801284295 -0.023487658594050533 0.05735117402260699 0.6448296952938294 0.35948381389659206 
0.04826530253262626 0.6538670511962229 0.35506314956313384 0.18483280023348556 -0.015419522109270419 -0.00010359342284384893 0.04826530253262626 0.6538670511962229 0.35506314956313384 
0.05250066258729985 0.6621925094588909 0.3309217132341285 0.17939857767127762 -0.019232813498951635 0.020148324780069074 0.05250066258729985 0.6621925094588909 0.3309217132341285 
0.06403326081497848 0.6580524125361404 0.322953368081803 0.1599053470685452 -0.031848055977927704 0.027760327771099966 0.06403326081497848 0.6580524125361404 0.322953368081803 
0.06200900047254077 0.64659085187513 0.3425178003081018 0.1592512748068987 -0.02255691086349215 0.03515855276675912 0.06200900047254077 0.64659085187513 0.3425178003081018 
0.05614127327840283 0.6439572936900775 0.3458171555426396 0.15971299760490912 0.024007559056498328 0.033120771460542806 0.05614127327840283 0.6439572936900775 0.3458171555426396 
0.05548074936900533 0.6364068926873983 0.3261790184584666 0.16208147843110154 0.06367166743238892 0.03807924567046596 0.05548074936900533 0.6364068926873983 0.3261790184584666 
0.0544460247337763 0.6432209536356573 0.3158846616094725 0.15964517323933922 0.05682582842262145 0.04426427266130066 0.0544460247337763 0.6432209536356573 0.3158846616094725 
0.05172800290503772 0.6746762991784594 0.31995435750676704 0.16533934546825305 0.039297239438852015 0.04128611554922346 0.05172800290503772 0.6746762991784594 0.31995435750676704 
0.053266087771357835 0.6927688520858846 0.3247265172312838 0.17958696088232542 0.04379560412780046 0.033920115513663376 0.053266087771357835 0.6927688520858846 0.3247265172312838 
0.06318840030398636 0.6852092615305537 0.326602118743292 0.16894784288483844 0.04606685424975013 0.022095424752833787 0.06318840030398636 0.6852092615305537 0.326602118743292 
0.06041703936397075 0.669103189848481 0.33714498874787324 0.16478791719588703 0.0849269446154702 0.025564997279947307 0.06041703936397075 0.669103189848481 0.33714498874787324 
0.049542432793845244 0.6655166720262109 0.3309887901186647 0.16320231845420097 0.14371514819093018 0.046363754949644856 0.049542432793845244 0.6655166720262109 0.3309887901186647 
0.05556114654563778 0.6775322756666325 0.3090332020309608 0.1516824649508804 0.13880159917522783 0.0572179441980548 0.05556114654563778 0.6775322756666325 0.3090332020309608 
0.06431821809488174 0.689533674985629 0.3021077559254023 0.15136121665912486 0.09820809125557606 0.0704770142788323 0.06431821809488174 0.689533674985629 0.3021077559254023 
0.06280771346173757 0.6922535041500051 0.30460944730909373 0.13193848711746864 0.06535996405761983 0.07915875039462685 0.06280771346173757 0.6922535041500051 0.30460944730909373 
0.0579044832558258 0.6965067586755361 0.3148737803828191 0.10538752146168917 0.06396871709025324 0.06474774947823804 0.0579044832558258 0.6965067586755361 0.3148737803828191 
0.0502209358252202 0.6966450591702521 0.3175487476366282 0.09969614326736631 0.08929263930620249 0.05563618064472946 0.0502209358252202 0.6966450591702521 0.3175487476366282 
0.04517589744816886 0.6805730788363378 0.3038782169831526 0.08279766069408089 0.11180769033561706 0.042985868522935934 0.04517589744816886 0.6805730788363378 0.3038782169831526 
0.04391081861825116 0.6627904391383344 0.30260166341835776 0.038925603078315774 0.09900263390704561 0.03153028094895756 0.04391081861825116 0.6627904391383344 0.30260166341835776 
0.029483454302321112 0.6467459777603751 0.2918659808982637 -0.027562562822375018 0.05168900034077815 0.019087667774686453 0.029483454302321112 0.6467459777603751 0.2918659808982637 
