0.1462513285361937 0.24926162857585124 0.21401649448742827 0.38011070131989316 0.2758256747658646 0.1779735726055543 0.1462513285361937 0.24926162857585124 0.21401649448742827 
0.3299909759310078 0.562963991292383 0.47455722554430824 0.82824253874351 0.6118952275850188 0.4123915260878628 0.3299909759310078 0.562963991292383 0.47455722554430824 
0.28297910186100983 0.4789320960429663 0.38824375302961167 0.6596354219213987 0.5202972573801836 0.38133044657889914 0.28297910186100983 0.4789320960429663 0.38824375302961167 
0.27046139234861843 0.45104432658849763 0.3597365058464055 0.6003324260765218 0.5400811528237696 0.3929617173143658 0.27046139234861843 0.45104432658849763 0.3597365058464055 
0.30118824495117913 0.5135021476147301 0.41466618647208353 0.6440418596884697 0.5759930878632216 0.4204058823801975 0.30118824495117913 0.5135021476147301 0.41466618647208353 
0.26065692075891833 0.46501446923560275 0.37450328824673196 0.5701330272346248 0.5685193372838405 0.36798932484779756 0.26065692075891833 0.46501446923560275 0.37450328824673196 
0.27801275247118046 0.49765095357493566 0.40672181275957975 0.6364024291973861 0.5832433784985728 0.36839330379920715 0.27801275247118046 0.49765095357493566 0.40672181275957975 
0.27608102670021145 0.4731676570749608 0.39669503452224136 0.6655435114194903 0.5505137310998028 0.36218105004914924 0.27608102670021145 0.4731676570749608 0.39669503452224136 
0.2783495872050129 0.4628924428070852 0.39424957448678183 0.6654081904264062 0.5253867997030173 0.3460320894487776 0.2783495872050129 0.4628924428070852 0.39424957448678183 
0.28190706319508424 0.4820643331888604 0.4039678860820908 0.650016314020859 0.5414238548102395 0.34398749366176623 0.28190706319508424 0.4820643331888604 0.4039678860820908 
0.26886988460167605 0.476881145809087 0.3903053736652845 0.6292838739781264 0.5231212243951755 0.3320130538080732 0.26886988460167605 0.476881145809087 0.3903053736652845 
0.2783327519521824 0.48097991626073844 0.39642338764068624 0.6302783742618491 0.5019895922847594 0.3488836782358974 0.2783327519521824 0.48097991626073844 0.39642338764068624 
0.2820515389701754 0.46558242691705287 0.3825694797505737 0.6339251610532903 0.5814439643802771 0.3689045063800706 0.2820515389701754 0.46558242691705287 0.3825694797505737 
0.2837174997212139 0.467452406077517 0.3913324212492084 0.6230139969238685 0.619445464430722 0.3753472709926701 0.2837174997212139 0.467452406077517 0.3913324212492084 
0.279227117238572 0.49688367875323597 0.4075716263413335 0.6252985520819146 0.5897801176193727 0.3658616767715163 0.279227117238572 0.49688367875323597 0.4075716263413335 
0.27257544469876915 0.5166130494480918 0.40636510630651457 0.6498698988341762 0.604445623257053 0.3431895383596002 0.27257544469876915 0.5166130494480918 0.40636510630651457 
0.27999369356368675 0.5028706558674735 0.39876503315110173 0.6972061574302242 0.5819162695376476 0.36242932583184556 0.27999369356368675 0.5028706558674735 0.39876503315110173 
0.28631797207329396 0.49753128680637 0.3960283442724429 0.7219030176375761 0.5924483660856446 0.38990438749521855 0.28631797207329396 0.49753128680637 0.3960283442724429 
0.29267865365021545 0.4972591602268997 0.39708281804150575 0.7391536969780159 0.5766204089769655 0.3901575007861089 0.29267865365021545 0.4972591602268997 0.39708281804150575 
0.2900429254612732 0.5012641993161844 0.3958344137926203 0.7572502321699882 0.5972159060779981 0.4118750564923748 0.2900429254612732 0.5012641993161844 0.3958344137926203 
0.27774210763592927 0.5165816781354782 0.3949744839832137 0.7407295586866547 0.6325138612485408 0.38423285802307694 0.27774210763592927 0.5165816781354782 0.3949744839832137 
0.28268739360932227 0.5067291009475107 0.385329521431983 0.7792486791006658 0.6392195404726474 0.33953844658849675 0.28268739360932227 0.5067291009475107 0.385329521431983 
0.302085684845941 0.4943961236644063 0.38841229548653833 0.8486248870524665 0.6332237015438632 0.3518131643237542 0.302085684845941 0.4943961236644063 0.38841229548653833 
0.3044407835989617 0.49192193088298236 0.40251462807621485 0.8929722720740665 0.6530630964674619 0.3926130276117809 0.3044407835989617 0.49192193088298236 0.40251462807621485 
0.31355623139547123 0.4997249520890396 0.39118646658011463 0.905266959113101 0.7064825733421762 0.4066460510058515 0.31355623139547123 0.4997249520890396 0.39118646658011463 
0.3425117115928284 0.5536768167633518 0.394310149145097 0.8601879033034637 0.8025941878822966 0.4401548638889312 0.3425117115928284 0.5536768167633518 0.394310149145097 
0.31872650412953485 0.6214358415925983 0.3922605500651848 0.7710954507423996 0.845430574437258 0.49524671888545785 0.31872650412953485 0.6214358415925983 0.3922605500651848 
0.32195561266261535 0.578379536499139 0.409093117667263 0.7253229991091237 0.7738125211047506 0.4713361979118674 0.32195561266261535 0.578379536499139 0.409093117667263 
0.288576912738383 0.5155530425154787 0.40434183347305763 0.734355096430453 0.7972373173264552 0.45808637091497284 0.288576912738383 0.5155530425154787 0.40434183347305763 
0.2780542693848564 0.4980003520195018 0.3990117879559903 0.7782007169592893 0.8554314620086614 0.4785716906184746 0.2780542693848564 0.4980003520195018 0.3990117879559903 
0.28373793463816965 0.5154512979101477 0.4054276156136302 0.8747773012930384 0.8163607239560909 0.4757648514046641 0.28373793463816965 0.5154512979101477 0.4054276156136302 
0.2891316083145457 0.5148606798565831 0.3993496184032851 0.9690010087356731 0.8449431728504493 0.5101218337820926 0.2891316083145457 0.5148606798565831 0.3993496184032851 
0.28608673776584204 0.5073297236883634 0.3879775054942322 0.9695780730789844 0.8161099887510427 0.5030241919180514 0.28608673776584204 0.5073297236883634 0.3879775054942322 
0.2859479765250613 0.5071837508469877 0.40362455295681493 0.954975255411234 0.8589600788054245 0.49446920403059835 0.2859479765250613 0.5071837508469877 0.40362455295681493 
0.299383050091739 0.6243927277567812 0.44640435704802756 0.9836758072969347 0.7420581805950804 0.4899017527888564 0.299383050091739 0.6243927277567812 0.44640435704802756 
0.2919162962113407 0.6526863892472013 0.41027510115301613 0.9841080748765625 0.6913458019049635 0.5192256337278263 0.2919162962113407 0.6526863892472013 0.41027510115301613 
0.29473149987852004 0.5374244109093064 0.41600054756651794 0.9174942397712611 0.6847379079887639 0.5196945789265215 0.29473149987852004 0.5374244109093064 0.41600054756651794 
0.294783251836409 0.5443085666397739 0.4582284202227991 0.9331317531729827 0.7107135267936197 0.49320248815542705 0.294783251836409 0.5443085666397739 0.4582284202227991 
0.2918130601520393 0.5756119170512222 0.473451892526066 1.0047532213319932 0.7327531571190254 0.501485310518352 0.2918130601520393 0.5756119170512222 0.473451892526066 
0.2950042259904735 0.5288463871350589 0.4409645186862092 1.0310653635221418 0.6244229511503626 0.5016448591164412 0.2950042259904735 0.5288463871350589 0.4409645186862092 
0.2890278038512394 0.567771251006409 0.47381488409775646 1.0625173879139964 0.6622103896878689 0.5179705810135811 0.2890278038512394 0.567771251006409 0.47381488409775646 
0.2791176590980861 0.6782992238696 0.4449568130692383 1.1082366708100655 0.7808943999843859 0.5481347176834871 0.2791176590980861 0.6782992238696 0.4449568130692383 
0.28612801211033956 0.5769447539217964 0.4615126886780489 1.12155241344938 0.7998936302558639 0.5986098309198084 0.28612801211033956 0.5769447539217964 0.4615126886780489 
0.29527052329035447 0.5232615499318166 0.4236309291706113 1.1428657059841263 0.7952622454042998 0.5402793259039694 0.29527052329035447 0.5232615499318166 0.4236309291706113 
0.3190950699180793 0.5272293586438271 0.43215219766087043 1.1460944360197953 0.7660288865379732 0.52947131962668 0.3190950699180793 0.5272293586438271 0.43215219766087043 
0.3190994149029535 0.5349185575928458 0.44140577556184885 1.2036131073133824 0.7195173737220131 0.5236756169784119 0.3190994149029535 0.5349185575928458 0.44140577556184885 
0.3188568244317442 0.5320322276063696 0.42864599827776895 1.2414618760358715 0.7940860267008785 0.4948284703722279 0.3188568244317442 0.5320322276063696 0.42864599827776895 
0.3222484960309227 0.5286639840216864 0.4430557157038836 1.23735827248835 0.8200241162318579 0.49453798310129776 0.3222484960309227 0.5286639840216864 0.4430557157038836 
0.3126443460153681 0.5530507181943081 0.4746538958499752 1.2835831371176556 0.7725600946974954 0.4954977560086838 0.3126443460153681 0.5530507181943081 0.4746538958499752 
0.3133811606742403 0.5363162971543957 0.48227813174676665 1.2845652717040656 0.7738307391549397 0.5305023682081955 0.3133811606742403 0.5363162971543957 0.48227813174676665 
0.2936324227331031 0.5116401228267615 0.43901305023700365 1.2744006223803597 0.8379948387396358 0.5183144240619921 0.2936324227331031 0.5116401228267615 0.43901305023700365 
0.29908757839827627 0.5057427409517136 0.4457762240068053 1.3018621216631 0.745020950730856 0.4980528713546185 0.29908757839827627 0.5057427409517136 0.4457762240068053 
0.29507967128320234 0.5028291096611491 0.46755414436812903 1.3628976349354074 0.688694101056506 0.5196769582458218 0.29507967128320234 0.5028291096611491 0.46755414436812903 
0.28724596270090946 0.49734555717097023 0.46994777271847155 1.4355660861473367 0.7085993624126884 0.5100637384781856 0.28724596270090946 0.49734555717097023 0.46994777271847155 
0.3080915562555303 0.5013727400747542 0.48837500970254405 1.4889328350575606 0.7765655666291462 0.4885213509348195 0.3080915562555303 0.5013727400747542 0.48837500970254405 
0.336552192354275 0.5187852369114799 0.521303150789272 1.4953931054457492 0.7601021672666823 0.5342360075176452 0.336552192354275 0.5187852369114799 0.521303150789272 
0.3204191287493564 0.5481392194381901 0.5457839761092742 1.46115354041592 0.7214714790354103 0.647931439260705 0.3204191287493564 0.5481392194381901 0.5457839761092742 
0.3403421835871189 0.5345353927872852 0.5346777254103505 1.4035831951245066 0.7926639809319709 0.7117083928123601 0.3403421835871189 0.5345353927872852 0.5346777254103505 
0.35174216709093054 0.4910604621143039 0.5446802704712373 1.336952190364387 0.8466519523783359 0.6955956191703352 0.35174216709093054 0.4910604621143039 0.5446802704712373 
0.35555285404324805 0.47097757037622745 0.5295358472039449 1.287656390581351 0.8789781718535006 0.6834576289582207 0.35555285404324805 0.47097757037622745 0.5295358472039449 
0.3608451260975026 0.48073717970447793 0.531434268100936 1.2999192446256531 0.9269685828202305 0.6838062014135243 0.3608451260975026 0.48073717970447793 0.531434268100936 
0.4206187950868213 0.5159238140921145 0.5710174271074197 1.3413722210876746 0.9663298338638954 0.6976617439767789 0.4206187950868213 0.5159238140921145 0.5710174271074197 
0.5319881659091399 0.5296007013538689 0.6026650046355835 1.3633351442278596 1.0206617518455021 0.6576230965960451 0.5319881659091399 0.5296007013538689 0.6026650046355835 
0.4335203289275813 0.5284004668738542 0.5782892190055369 1.2892419759316396 0.8262636496399696 0.6391848952838352 0.4335203289275813 0.5284004668738542 0.5782892190055369 
0.3343439999649915 0.5454342044388211 0.5761546052158322 1.253773162093194 0.808836232109187 0.5747580382810381 0.3343439999649915 0.5454342044388211 0.5761546052158322 
0.29829504623933895 0.5180542825609563 0.5727878673741931 1.2635745500196411 0.8764452447151657 0.6068127099177385 0.29829504623933895 0.5180542825609563 0.5727878673741931 
0.3069974697168275 0.48948115017564164 0.5059580600114058 1.2639104086106387 0.9424267008637947 0.7045279542870807 0.3069974697168275 0.48948115017564164 0.5059580600114058 
0.31282011351813976 0.48048089088077833 0.5017179527547007 1.2704496472635285 1.153612670587063 0.6615519065996445 0.31282011351813976 0.48048089088077833 0.5017179527547007 
0.35980251688245013 0.4993533527150264 0.5541028801898065 1.3037590421078908 1.037648337125113 0.576621137553721 0.35980251688245013 0.4993533527150264 0.5541028801898065 
0.3410549367651473 0.5439619426513768 0.5685953454374578 1.3113793707022872 0.8575810093780416 0.6001038120433664 0.3410549367651473 0.5439619426513768 0.5685953454374578 
0.3969401749482731 0.5415985135786521 0.5122902818999477 1.277599859875365 0.8333020065329217 0.654971823540446 0.3969401749482731 0.5415985135786521 0.5122902818999477 
0.4843381885845124 0.5368795428558152 0.5143752442485545 1.2690519101013562 0.9615329050016637 0.6324277197350173 0.4843381885845124 0.5368795428558152 0.5143752442485545 
0.3859867572314135 0.509778003660549 0.5215962488187667 1.2703316618258311 1.0339904168247998 0.5730379556773486 0.3859867572314135 0.509778003660549 0.5215962488187667 
0.2962313832073185 0.4903938882533328 0.4905944452831476 1.2547052785375172 1.0702125384878243 0.5215755916326585 0.2962313832073185 0.4903938882533328 0.4905944452831476 
0.32508636024302756 0.501736423000613 0.4951741387280927 1.2210205315256664 0.9279869587899838 0.5005571077474356 0.32508636024302756 0.501736423000613 0.4951741387280927 
0.35139687210827547 0.4985857889868708 0.5219933665909476 1.1956744975712692 0.7775205525346693 0.49935995973933117 0.35139687210827547 0.4985857889868708 0.5219933665909476 
0.37766884210590196 0.5126830634246041 0.5038272935566781 1.1603537559035952 0.9591617921433366 0.5354316083085112 0.37766884210590196 0.5126830634246041 0.5038272935566781 
0.38789792240798987 0.5399177102453802 0.47913528805832356 1.1242661074558347 1.085746499673865 0.6024242431147631 0.38789792240798987 0.5399177102453802 0.47913528805832356 
0.40462750377464046 0.5116070632907002 0.4826596351303846 1.1020946677975731 0.9872373698742034 0.539867021317469 0.40462750377464046 0.5116070632907002 0.4826596351303846 
0.3482111446354682 0.5150522398240249 0.4885053459624773 1.122884852131945 0.9491577766854349 0.4379971766842109 0.3482111446354682 0.5150522398240249 0.4885053459624773 
0.2979048204957309 0.5195557205117906 0.5287596503285767 1.1074399021672545 0.7941750255568091 0.43106537750859225 0.2979048204957309 0.5195557205117906 0.5287596503285767 
0.32144104293419457 0.5013435768951913 0.5070576800334243 1.0425143117263815 1.0098484299201285 0.44838408539265384 0.32144104293419457 0.5013435768951913 0.5070576800334243 
0.32609311890170695 0.4809903681654357 0.4743586524276487 1.014910580663247 1.0849171365981134 0.46034319929531015 0.32609311890170695 0.4809903681654357 0.4743586524276487 
0.3307448279940686 0.47896830229184195 0.48197374703658297 1.0150129715744607 1.0641344942084316 0.4801863319115426 0.3307448279940686 0.47896830229184195 0.48197374703658297 
0.3230128609186446 0.48883885671762545 0.5352614952546625 1.0209031596282747 0.9730710126327401 0.5046876493978063 0.3230128609186446 0.48883885671762545 0.5352614952546625 
0.32652872788680154 0.498193223329836 0.5933037169387779 1.0018622792536953 0.7869756569347361 0.5084778206242899 0.32652872788680154 0.498193223329836 0.5933037169387779 
0.33349409658152007 0.5115492047930457 0.5649041083446937 1.001393156894782 0.730672266269307 0.4917185017127633 0.33349409658152007 0.5115492047930457 0.5649041083446937 
0.3322752007258286 0.516494296602671 0.5023741504542212 0.9790452194329814 0.7574548486989612 0.518536758118404 0.3322752007258286 0.516494296602671 0.5023741504542212 
0.3387617933832971 0.5045760654463617 0.490445485673622 0.9500010070786505 0.774154865270549 0.5307372389153777 0.3387617933832971 0.5045760654463617 0.490445485673622 
0.32955230051932544 0.49820236898628295 0.515851868064779 0.9215824159899364 0.7562851177005268 0.48522900711134387 0.32955230051932544 0.49820236898628295 0.515851868064779 
0.3182194543575963 0.5065415971711954 0.5259972555848301 0.9148341772285828 0.7458506581107363 0.45938634967071623 0.3182194543575963 0.5065415971711954 0.5259972555848301 
0.318521900808842 0.5109288040765009 0.483927708519733 0.9105229118501229 0.8664146442260439 0.45598895772432396 0.318521900808842 0.5109288040765009 0.483927708519733 
0.3160201634364523 0.5165848231702581 0.47953002550894647 0.9092359331505107 0.9575293395979922 0.45328779377917433 0.3160201634364523 0.5165848231702581 0.47953002550894647 
0.32307142180271375 0.5280834213200668 0.4669219890211275 0.9190853780719204 0.8887726723949277 0.4667094527845759 0.32307142180271375 0.5280834213200668 0.4669219890211275 
0.3559850290728143 0.5164617953673276 0.4816797563483545 0.9428892827745605 0.8167620949535983 0.47684531202127356 0.3559850290728143 0.5164617953673276 0.4816797563483545 
0.32490177392193337 0.49260676073791865 0.4810586012971751 0.9336591576509177 0.7133723771742644 0.4684845858006431 0.32490177392193337 0.49260676073791865 0.4810586012971751 
0.3186552032781883 0.5075933712212749 0.47532216032825586 0.9239911810597323 0.6078512331734335 0.4594552180961551 0.3186552032781883 0.5075933712212749 0.47532216032825586 
0.31083594001354053 0.5405594058937749 0.4658380446966642 0.9251544980505664 0.617724384050636 0.4600623686857346 0.31083594001354053 0.5405594058937749 0.4658380446966642 
0.31873022844160825 0.521273102172933 0.4638316082863843 0.8972337197061531 0.6251314680903859 0.4692274484728361 0.31873022844160825 0.521273102172933 0.4638316082863843 
0.32585938231707373 0.5290308453676916 0.46787167137934466 0.8789836142745846 0.647089823064953 0.4849084670109223 0.32585938231707373 0.5290308453676916 0.46787167137934466 
0.3254392119874535 0.5471218005063744 0.47598085318487177 0.894581693101553 0.6803042721378758 0.5194761380281763 0.3254392119874535 0.5471218005063744 0.47598085318487177 
0.3271888296434579 0.5407866121692574 0.46979570838232915 0.8965966727470659 0.6319611109615229 0.5086257635008511 0.3271888296434579 0.5407866121692574 0.46979570838232915 
0.3377914515974734 0.5272645434570603 0.4656570878703392 0.9004487535592597 0.608804239524188 0.46271702593856545 0.3377914515974734 0.5272645434570603 0.4656570878703392 
0.3057592262508421 0.52635598537485 0.4661106517467707 0.878842364869969 0.6686404522852637 0.4623818504582612 0.3057592262508421 0.52635598537485 0.4661106517467707 
0.31233429460122136 0.5167747242318227 0.4760485255445128 0.8374648841371886 0.7039197081175174 0.4637113124721621 0.31233429460122136 0.5167747242318227 0.4760485255445128 
0.32935293835638474 0.5002424059238375 0.46385560121393826 0.8005596294661357 0.6171319616801404 0.42182489235159853 0.32935293835638474 0.5002424059238375 0.46385560121393826 
0.3338516146679255 0.4929739784430764 0.46107531252032186 0.7597126444830969 0.6024991672904769 0.44522954514836816 0.3338516146679255 0.4929739784430764 0.46107531252032186 
0.32585879322928596 0.5041083797298349 0.470962496004141 0.7248512890858031 0.6531519246737151 0.4487331731795148 0.32585879322928596 0.5041083797298349 0.470962496004141 
0.3153979201235169 0.5311190283043908 0.46386311546705006 0.7425845770829509 0.6250985085613201 0.39686884822194163 0.3153979201235169 0.5311190283043908 0.46386311546705006 
0.3184044337209511 0.5245642026247419 0.4857442653014525 0.7237716234226415 0.6101572038974552 0.4199195099401176 0.3184044337209511 0.5245642026247419 0.4857442653014525 
0.34321772565434877 0.5127451797430279 0.49474407152751376 0.712447106216773 0.667343827055787 0.4629401481738786 0.34321772565434877 0.5127451797430279 0.49474407152751376 
0.352709667993639 0.5043488191478221 0.4810297396064901 0.7116635023798162 0.670551303959058 0.4197422617867597 0.352709667993639 0.5043488191478221 0.4810297396064901 
0.3315026238877768 0.5030477414011626 0.48233324709285313 0.7386625182304517 0.625545261956329 0.35818962021612744 0.3315026238877768 0.5030477414011626 0.48233324709285313 
0.3202219895254182 0.4955536035017234 0.4728791498398345 0.7911676835675512 0.6295228577931784 0.35744203597257146 0.3202219895254182 0.4955536035017234 0.4728791498398345 
0.3088964825885163 0.48834516220947305 0.47359926319790474 0.825616467146642 0.6255421285491379 0.36625850869354837 0.3088964825885163 0.48834516220947305 0.47359926319790474 
0.30229521325077613 0.5318035963954423 0.48206540701159 0.8125721820720967 0.6165331357183828 0.3975390004514062 0.30229521325077613 0.5318035963954423 0.48206540701159 
0.29515388812104654 0.5668074805154297 0.4692456271994194 0.8127951897462704 0.5964876338433696 0.4310006000960776 0.29515388812104654 0.5668074805154297 0.4692456271994194 
0.300655569743461 0.5326240460196713 0.46525793118300424 0.8065819536833966 0.6122538002872702 0.4020057942052847 0.300655569743461 0.5326240460196713 0.46525793118300424 
0.30779449419723165 0.494868071668069 0.45845221588791313 0.7892803931397951 0.6135606944599565 0.37455128341301575 0.30779449419723165 0.494868071668069 0.45845221588791313 
0.3163232043829296 0.5036821827335597 0.4506987884930077 0.813563408171658 0.6261119636330389 0.414309793764626 0.3163232043829296 0.5036821827335597 0.4506987884930077 
0.3132380510896825 0.5217384692813184 0.4579779053856235 0.8142172576014278 0.6474694845998216 0.4771491915933283 0.3132380510896825 0.5217384692813184 0.4579779053856235 
0.3258313074194799 0.5338028694548859 0.45994340926871474 0.8169690398602095 0.6521724603240876 0.4436388916350005 0.3258313074194799 0.5338028694548859 0.45994340926871474 
0.342345082260057 0.5395010054536279 0.45708011900224754 0.8065402088332712 0.6258371047896856 0.42276369136029246 0.342345082260057 0.5395010054536279 0.45708011900224754 
0.32652930247278705 0.5327099904978757 0.4594935844273689 0.7971555327649232 0.6209720368868279 0.40457237816977265 0.32652930247278705 0.5327099904978757 0.4594935844273689 
0.3126715820501354 0.5225446888226956 0.4677658708779959 0.8034996310903318 0.602266725395627 0.36481362717567684 0.3126715820501354 0.5225446888226956 0.4677658708779959 
0.3044936095026909 0.5061621394669839 0.461083122410901 0.7734019400904735 0.5628532266570151 0.3332204625662524 0.3044936095026909 0.5061621394669839 0.461083122410901 
0.3053069429686992 0.4886870212613882 0.4470699360412444 0.7669626026757597 0.574116235792558 0.3730710121454113 0.3053069429686992 0.4886870212613882 0.4470699360412444 
0.30545892118028767 0.4802979862321364 0.4500809295714348 0.7800441593307598 0.563410913747262 0.39911116549650943 0.30545892118028767 0.4802979862321364 0.4500809295714348 
