0.0975037679169259 0.23544025212861958 0.22472485545729365 0.25649453533023076 0.18398510996868947 0.11064740529295207 0.0975037679169259 0.23544025212861958 0.22472485545729365 
0.2184829305411739 0.532864023191794 0.49808910598986234 0.5734231336679021 0.3901697255862767 0.25209804791744506 0.2184829305411739 0.532864023191794 0.49808910598986234 
0.18512498942484126 0.45974560923130137 0.4223595373616289 0.49984035130454674 0.33845120327735834 0.22642669419688355 0.18512498942484126 0.45974560923130137 0.4223595373616289 
0.18108034092508382 0.43573087783754993 0.39483471268539966 0.5010310359960559 0.35206811631460483 0.21084056669777973 0.18108034092508382 0.43573087783754993 0.39483471268539966 
0.20237627647849898 0.4976832776639951 0.4531451196927648 0.5454471553220455 0.38256615050053383 0.21446578350737958 0.20237627647849898 0.4976832776639951 0.4531451196927648 
0.17995599848585844 0.439090495616652 0.4015304581824849 0.49423179065528455 0.38265414719085356 0.20341476367331568 0.17995599848585844 0.439090495616652 0.4015304581824849 
0.19231865708599233 0.4632481804974422 0.43020964708927006 0.5462296549393458 0.36639118236846574 0.20519192372628017 0.19231865708599233 0.4632481804974422 0.43020964708927006 
0.18620398149679998 0.45238840499277044 0.41860067957921504 0.5790043125009035 0.35732756066510873 0.20922634681199917 0.18620398149679998 0.45238840499277044 0.41860067957921504 
0.18424589444826603 0.4504811550869042 0.41241482514620564 0.595804393642729 0.365938831872276 0.214614987248623 0.18424589444826603 0.4504811550869042 0.41241482514620564 
0.1933110382388169 0.46559355489482557 0.42899496280352906 0.6155302380153299 0.4205364229681058 0.22093204891699172 0.1933110382388169 0.46559355489482557 0.42899496280352906 
0.19122092659489417 0.4516145037705165 0.4145294475605278 0.6443086247954123 0.4447794715356526 0.2289322115039045 0.19122092659489417 0.4516145037705165 0.4145294475605278 
0.1950740164140614 0.46180869752881054 0.4269626344087353 0.6909344290476471 0.43395960830721325 0.23799578998217893 0.1950740164140614 0.46180869752881054 0.4269626344087353 
0.19567297071852563 0.4608106518734443 0.4173274995720744 0.7199349054686891 0.4447253229668189 0.23946539851199677 0.19567297071852563 0.4608106518734443 0.4173274995720744 
0.19896651569583648 0.46518821688896234 0.4164502032683531 0.7176863805011833 0.43873109975872043 0.24617317540700057 0.19896651569583648 0.46518821688896234 0.4164502032683531 
0.19844483924432782 0.4668780801869428 0.4156281728194372 0.7216213116265643 0.4573615163654528 0.2541823171989786 0.19844483924432782 0.4668780801869428 0.4156281728194372 
0.197335316999203 0.46783292149679334 0.41316554194778904 0.7426532030366022 0.49122510089194976 0.26387961326634624 0.197335316999203 0.46783292149679334 0.41316554194778904 
0.19828751671208264 0.4717055121217135 0.41263408773016624 0.7650318437912179 0.49966888429737316 0.27508979010748236 0.19828751671208264 0.4717055121217135 0.41263408773016624 
0.19619383121434236 0.46744570693953724 0.40529020326028825 0.7750743210402387 0.5023238061247345 0.2808642111693584 0.19619383121434236 0.46744570693953724 0.40529020326028825 
0.19494803019033963 0.4702735889337642 0.4076146588626681 0.771363585590248 0.5078714325588262 0.28137082148448794 0.19494803019033963 0.4702735889337642 0.4076146588626681 
0.19731406391587852 0.4704596338401795 0.40417878334910395 0.7939092245291817 0.5206725306884081 0.2855719334287859 0.19731406391587852 0.4704596338401795 0.40417878334910395 
0.20089747512822695 0.47272629582595477 0.40728653749545657 0.8368022694728408 0.525588413286863 0.29343334488032596 0.20089747512822695 0.47272629582595477 0.40728653749545657 
0.20510298465321491 0.47323275924557834 0.4099189031205954 0.8644532108374198 0.5472276185538755 0.30245678690242617 0.20510298465321491 0.47323275924557834 0.4099189031205954 
0.2072361370710409 0.4744451381740888 0.40665911570667523 0.8784036454391938 0.6078369140060714 0.3161928383880515 0.2072361370710409 0.4744451381740888 0.40665911570667523 
0.20899233961022537 0.508976950355317 0.40940736952624324 0.8831116385029317 0.6316387039210047 0.3358451141538082 0.20899233961022537 0.508976950355317 0.40940736952624324 
0.20831248531301202 0.538201108534303 0.4016069968585592 0.8749420371615776 0.5777865781751208 0.3431577907245129 0.20831248531301202 0.538201108534303 0.4016069968585592 
0.21018347928921804 0.49705219533788103 0.4089282510622953 0.8909913717219048 0.6104493904372026 0.3548039213084828 0.21018347928921804 0.49705219533788103 0.4089282510622953 
0.21711403405756774 0.48479054668706173 0.40871551174168996 0.9259305803405969 0.662234480802639 0.3458902419821267 0.21711403405756774 0.48479054668706173 0.40871551174168996 
0.21572519565065507 0.4765698410371876 0.4095060880150058 0.9444497496199175 0.6405780085952701 0.3227469180588652 0.21572519565065507 0.4765698410371876 0.4095060880150058 
0.21216143245479563 0.490128309619034 0.4055993760482793 0.9571116565535942 0.6518926406651021 0.3580972401060935 0.21216143245479563 0.490128309619034 0.4055993760482793 
0.22012929766364894 0.5172059246632631 0.4082055791222176 0.9653244684387183 0.6266981527785404 0.35693567221885913 0.22012929766364894 0.5172059246632631 0.4082055791222176 
0.22874636129591527 0.5373527525171493 0.40980869341033727 0.9785392465524736 0.6518777714509407 0.34967699406341796 0.22874636129591527 0.5373527525171493 0.40980869341033727 
0.22234216919844998 0.5304213820393512 0.41530416191217917 0.992663005673382 0.6623711456749084 0.36303271652037783 0.22234216919844998 0.5304213820393512 0.41530416191217917 
0.24794080783079198 0.5756518144321531 0.4283107355354161 1.0175155606856947 0.6596832220343469 0.3945779835849478 0.24794080783079198 0.5756518144321531 0.4283107355354161 
0.2668777402605001 0.4925318856015457 0.4124352200826269 1.012666524260053 0.683321632747881 0.37931904206627487 0.2668777402605001 0.4925318856015457 0.4124352200826269 
0.24901629592862878 0.4839933529264268 0.4186008256268286 1.005887827946308 0.6849843470677751 0.37311082395670925 0.24901629592862878 0.4839933529264268 0.4186008256268286 
0.24134879895665484 0.508888391144251 0.42014787988971763 1.0086123229124058 0.6841292604443988 0.3750893828776773 0.24134879895665484 0.508888391144251 0.42014787988971763 
0.23497086836163839 0.5108571284900416 0.4261944954295552 1.008071657449456 0.7037308996732439 0.38484900342319883 0.23497086836163839 0.5108571284900416 0.4261944954295552 
0.23329062356749852 0.5361996013671165 0.4276794066141876 1.01965243922216 0.7304373030949564 0.3906162481602491 0.23329062356749852 0.5361996013671165 0.4276794066141876 
0.23053735208376963 0.5608367089452544 0.42368866873115696 1.0480278486255001 0.7439017334160863 0.4151084575436761 0.23053735208376963 0.5608367089452544 0.42368866873115696 
0.22949215938946968 0.5240155267983698 0.4064861811996715 1.0638982766386558 0.7211679029949123 0.41178442160554746 0.22949215938946968 0.5240155267983698 0.4064861811996715 
0.23659494972577952 0.5496790883062318 0.4158448937516473 1.0673609034524738 0.7371786873290953 0.40912456955453536 0.23659494972577952 0.5496790883062318 0.4158448937516473 
0.2392142005943276 0.5099376863933316 0.41743311808454975 1.0862015605987594 0.7532873339336889 0.4122832212839847 0.2392142005943276 0.5099376863933316 0.41743311808454975 
0.23879688643576627 0.4969469452296127 0.4177789733323096 1.1010236906001944 0.7516583295143865 0.4083747145018812 0.23879688643576627 0.4969469452296127 0.4177789733323096 
0.23787629979623548 0.5166006585761507 0.4289209680677041 1.1131895788754205 0.7243187723294768 0.4081221393141744 0.23787629979623548 0.5166006585761507 0.4289209680677041 
0.24130897012472685 0.5381179957913707 0.42779867060849447 1.1293763259845297 0.7002917013819921 0.42085388933532936 0.24130897012472685 0.5381179957913707 0.42779867060849447 
0.25152001769331883 0.5804380380306106 0.44960904134926216 1.144205294948116 0.737427048977737 0.40778403966032395 0.25152001769331883 0.5804380380306106 0.44960904134926216 
0.2666798776611794 0.6315732075694267 0.4332039637004103 1.1661150319267806 0.7446759724595583 0.43031572281240893 0.2666798776611794 0.6315732075694267 0.4332039637004103 
0.2614011964755165 0.5804707225225851 0.43801396487078154 1.1864182883656784 0.7590145287071735 0.4637816081148918 0.2614011964755165 0.5804707225225851 0.43801396487078154 
0.2644908481487364 0.682084755982701 0.466246160488327 1.203708033317664 0.74772732068877 0.47590135815776224 0.2644908481487364 0.682084755982701 0.466246160488327 
0.28352499731540404 0.6617641346270107 0.4675996680738662 1.205439405461886 0.7203703144375995 0.5051454796357736 0.28352499731540404 0.6617641346270107 0.4675996680738662 
0.30051381196005034 0.6409802004695628 0.4610202102550763 1.2290108152792758 0.7141402714842331 0.5644965877136306 0.30051381196005034 0.6409802004695628 0.4610202102550763 
0.2718931947871758 0.6116439907720318 0.4652314602414661 1.268206980814179 0.7486448572457814 0.5462999244118011 0.2718931947871758 0.6116439907720318 0.4652314602414661 
0.2712004436411639 0.5677421783145082 0.4768770198726908 1.279398623975555 0.8200613338266276 0.5246257287925666 0.2712004436411639 0.5677421783145082 0.4768770198726908 
0.2894095720846185 0.5770731951670722 0.47543458272050493 1.2939964639618249 0.8103378078739198 0.5291812836856749 0.2894095720846185 0.5770731951670722 0.47543458272050493 
0.3096833814627133 0.616745531928144 0.48736230289489046 1.310583773600938 0.8563559783786769 0.5227114246166781 0.3096833814627133 0.616745531928144 0.48736230289489046 
0.3141402676118195 0.6451495731525654 0.492650380545543 1.3295626373699267 0.8156380554132727 0.5312901390492026 0.3141402676118195 0.6451495731525654 0.492650380545543 
0.2822875464238245 0.6526904720008572 0.5071374769263298 1.360848683815134 0.8268079078639385 0.5287381014546952 0.2822875464238245 0.6526904720008572 0.5071374769263298 
0.29117009023405205 0.5827767816214079 0.4867446623657461 1.4083063586170315 0.8844723139534365 0.5420672272830893 0.29117009023405205 0.5827767816214079 0.4867446623657461 
0.31161215279596644 0.5303743306596261 0.5057149447704152 1.410914863657408 0.883765772196912 0.5393824397376545 0.31161215279596644 0.5303743306596261 0.5057149447704152 
0.3130363648233755 0.5569931292057118 0.5020452836388825 1.4384669352990878 0.901865222266857 0.5229301608136986 0.3130363648233755 0.5569931292057118 0.5020452836388825 
0.3286255500497551 0.5732738774213035 0.544347957142418 1.487805272581184 0.899957121565063 0.5257046155046903 0.3286255500497551 0.5732738774213035 0.544347957142418 
0.31213814980567084 0.626274819416701 0.5355795635806433 1.5170261791828066 0.979288342788188 0.549760191044175 0.31213814980567084 0.626274819416701 0.5355795635806433 
0.3211665709376253 0.6472151941618562 0.5124189638183985 1.4783087779101893 0.9840790954695786 0.5632306386557018 0.3211665709376253 0.6472151941618562 0.5124189638183985 
0.3270581004398731 0.6630038611697662 0.5037650831079457 1.4674668817493717 0.9012142970427546 0.5834417488630385 0.3270581004398731 0.6630038611697662 0.5037650831079457 
0.32107756556613376 0.5481443823782018 0.5109502879085597 1.4956149779233665 0.8551385691545474 0.6102496293134754 0.32107756556613376 0.5481443823782018 0.5109502879085597 
0.3133962005636316 0.5332898573949645 0.5072965077506696 1.4889454236283788 0.8972131616923187 0.6267409302123609 0.3133962005636316 0.5332898573949645 0.5072965077506696 
0.3356107053152837 0.600925609598344 0.5428123796263564 1.4948210933519062 0.9022309332885713 0.6335221882939327 0.3356107053152837 0.600925609598344 0.5428123796263564 
0.3352423743359669 0.5330236228871141 0.5638663915818684 1.5419634631541688 0.9821446767042993 0.6311311236639989 0.3352423743359669 0.5330236228871141 0.5638663915818684 
0.3382247339666916 0.5203394802029536 0.5598156550624152 1.5577107940674466 0.9544650728438242 0.6318876780189391 0.3382247339666916 0.5203394802029536 0.5598156550624152 
0.3248942044869924 0.554426641960448 0.5728212234383394 1.5154620145579158 1.002164399798504 0.6312564194137852 0.3248942044869924 0.554426641960448 0.5728212234383394 
0.31968868520558374 0.5701566441883437 0.5803375474761547 1.5306631635332126 0.9538691868129557 0.6334627452878314 0.31968868520558374 0.5701566441883437 0.5803375474761547 
0.31119214700274944 0.5018382672096925 0.5751463790683106 1.5671152564585902 0.9313724913701116 0.6311147955874322 0.31119214700274944 0.5018382672096925 0.5751463790683106 
0.3203123098472035 0.542774471614067 0.6019569907865543 1.5813108384368224 0.9645040979331594 0.6519412792443604 0.3203123098472035 0.542774471614067 0.6019569907865543 
0.32047755589293314 0.5975964866369302 0.60591353509329 1.5832310637745741 0.9188586583088268 0.6329877503242691 0.32047755589293314 0.5975964866369302 0.60591353509329 
0.32649102116416734 0.6089536405406225 0.6012488876479971 1.5866489940623514 0.9184344050153944 0.6329785806495752 0.32649102116416734 0.6089536405406225 0.6012488876479971 
0.35033655007261055 0.5697187682822907 0.6147902256857688 1.6338402515512962 1.0115172810069186 0.6227639122298917 0.35033655007261055 0.5697187682822907 0.6147902256857688 
0.37268692700065625 0.5368083586963651 0.6628147074164061 1.6377042889689164 1.0302771983955257 0.6261117752319662 0.37268692700065625 0.5368083586963651 0.6628147074164061 
0.3343303775143654 0.5493060149817405 0.623871246622984 1.6138190676689057 1.1476842591105842 0.5888489406681676 0.3343303775143654 0.5493060149817405 0.623871246622984 
0.33068607276903067 0.5280857047483012 0.6187647006025572 1.5422581805608266 1.1021282096910079 0.5913463105187345 0.33068607276903067 0.5280857047483012 0.6187647006025572 
0.3342883236060622 0.5202222396847139 0.6265421445294603 1.5068785190506302 1.006903107200012 0.5895996166954125 0.3342883236060622 0.5202222396847139 0.6265421445294603 
0.3454453574035776 0.5319059993276225 0.6514890033715455 1.488541763655334 0.9470694757280048 0.5751056637328051 0.3454453574035776 0.5319059993276225 0.6514890033715455 
0.32464210460103027 0.5225254238813576 0.6500597435662384 1.4683625300436798 1.0352572299932217 0.547600466192517 0.32464210460103027 0.5225254238813576 0.6500597435662384 
0.31342988667937394 0.5440972430573284 0.6512389039449001 1.470074611517737 0.9470698130215132 0.5339513191468873 0.31342988667937394 0.5440972430573284 0.6512389039449001 
0.3216317936243065 0.5820351445247666 0.6643304441616721 1.4140489894994728 0.935734123669848 0.5702733648358335 0.3216317936243065 0.5820351445247666 0.6643304441616721 
0.3562546569935763 0.5333019487090757 0.6688160011935269 1.3674108549221284 1.0719999973473613 0.6154734938317403 0.3562546569935763 0.5333019487090757 0.6688160011935269 
0.3526380279814959 0.5585718667630994 0.6527600938457141 1.4012444040188212 1.2830972159944238 0.656177270679415 0.3526380279814959 0.5585718667630994 0.6527600938457141 
0.3507406119799661 0.5358867784381831 0.6740401700986257 1.3735038108789592 1.1325815947810018 0.6003447271316369 0.3507406119799661 0.5358867784381831 0.6740401700986257 
0.3384398858429409 0.5264872521623649 0.6418016973662871 1.3042519956534395 1.0913814162089586 0.5794920918801322 0.3384398858429409 0.5264872521623649 0.6418016973662871 
0.30538777446681215 0.5358956539182119 0.6491760787729028 1.2702325056413502 1.1866788231470606 0.5905247144359157 0.30538777446681215 0.5358956539182119 0.6491760787729028 
0.31616175127976903 0.5466140625343575 0.6347230032621063 1.252423034281277 1.5196062991276864 0.5443065134652199 0.31616175127976903 0.5466140625343575 0.6347230032621063 
0.37351213585266313 0.555775888171266 0.6639848380325608 1.2506475878614745 1.1744860139975712 0.5974230793334339 0.37351213585266313 0.555775888171266 0.6639848380325608 
0.32272773539214283 0.5400615859925287 0.6525772028020076 1.208092618011182 1.0257604175646844 0.53198056330069 0.32272773539214283 0.5400615859925287 0.6525772028020076 
0.30908101789753745 0.5485870816596933 0.6374977949127938 1.1865038013418838 1.1088686073466296 0.5221469680591612 0.30908101789753745 0.5485870816596933 0.6374977949127938 
0.29407318316095166 0.5455716555056229 0.631876626358084 1.1653343745243654 0.9762920775220328 0.5061182684453626 0.29407318316095166 0.5455716555056229 0.631876626358084 
0.28021306503394333 0.5428386056305057 0.6355052202281386 1.1048376621624927 0.8567629210289296 0.48473793122893727 0.28021306503394333 0.5428386056305057 0.6355052202281386 
0.2789914868945936 0.55242694897187 0.6154652481217465 1.0878735030524553 0.8011682254197673 0.49853197293479773 0.2789914868945936 0.55242694897187 0.6154652481217465 
0.2913595673766138 0.5495049709618373 0.6243391944105673 1.1060040690235446 0.8159893470765152 0.5202332181862678 0.2913595673766138 0.5495049709618373 0.6243391944105673 
0.26909852322613936 0.551638094557325 0.6305377089890382 1.0806098425035553 0.8720421828765641 0.4861929609365823 0.26909852322613936 0.551638094557325 0.6305377089890382 
0.2522695854938171 0.5519245837220638 0.6301673189741422 1.0607291080078765 0.7979678243310251 0.4652283370182654 0.2522695854938171 0.5519245837220638 0.6301673189741422 
0.26877149880224854 0.5592395847544445 0.6354165701146558 1.0485784424494766 0.7680022795948592 0.45736304666396643 0.26877149880224854 0.5592395847544445 0.6354165701146558 
0.2678339188325922 0.5596115251746456 0.6370907470125614 1.0388318576144995 0.7374547164293955 0.44371724861763023 0.2678339188325922 0.5596115251746456 0.6370907470125614 
0.2567634834554723 0.5583372550125838 0.6342126173231709 1.0283706855244332 0.7505484582455768 0.44121817215290704 0.2567634834554723 0.5583372550125838 0.6342126173231709 
0.24453424778327332 0.5733582123619655 0.6383511979178902 1.0420252674523984 0.8542750469611289 0.43940503510789636 0.24453424778327332 0.5733582123619655 0.6383511979178902 
0.26990693549506745 0.5882016732960733 0.6366431590624034 1.0940769243021387 0.8127916760020221 0.4482509058681488 0.26990693549506745 0.5882016732960733 0.6366431590624034 
0.27867501847670534 0.5665309036605948 0.637982303431741 1.0679516138664045 0.8062896533925332 0.4245047379672895 0.27867501847670534 0.5665309036605948 0.637982303431741 
0.322576088469826 0.5727689979317742 0.6337743038242586 1.0189612318953414 0.8054862093716015 0.42620844043718714 0.322576088469826 0.5727689979317742 0.6337743038242586 
0.26317772748492624 0.6188769309740908 0.6135119351282892 1.008059251875756 0.789668459596166 0.4252860637407283 0.26317772748492624 0.6188769309740908 0.6135119351282892 
0.24819271190706702 0.567429760383545 0.6228194381106422 0.9986040710194055 0.7718953748131846 0.4100271728797135 0.24819271190706702 0.567429760383545 0.6228194381106422 
0.24021227061923842 0.5538794682357214 0.6210436052090506 0.9887239931177133 0.7165411847305722 0.4152789181588955 0.24021227061923842 0.5538794682357214 0.6210436052090506 
0.2349166546943274 0.5486332423914176 0.6129711378134348 0.9677668615918106 0.7400522857558129 0.38009367065282906 0.2349166546943274 0.5486332423914176 0.6129711378134348 
0.23137723927806378 0.5387948867731108 0.6218762373380297 0.9296303217661558 0.8087226843702834 0.41009193425607166 0.23137723927806378 0.5387948867731108 0.6218762373380297 
0.23488662346175598 0.5337172636599194 0.6150235012559299 0.9125773011532203 0.8975298234432263 0.4092434017893478 0.23488662346175598 0.5337172636599194 0.6150235012559299 
0.23947157186575926 0.5364561426294615 0.6142219925116169 0.9245516135196733 0.8730756678320151 0.38885456536424706 0.23947157186575926 0.5364561426294615 0.6142219925116169 
0.25014358419147054 0.5501855296321391 0.6210878549025519 0.9490059161076674 0.8767646198384682 0.3658430394307815 0.25014358419147054 0.5501855296321391 0.6210878549025519 
0.24486742140642723 0.5445044393292784 0.617730303150507 0.9480258291177808 0.8004334844438997 0.3752388659496904 0.24486742140642723 0.5445044393292784 0.617730303150507 
0.2526017178517534 0.5461264942535189 0.6329117986960107 0.9229694958143857 0.6704718724857294 0.4073098566194667 0.2526017178517534 0.5461264942535189 0.6329117986960107 
0.24073657633223464 0.5558769372180802 0.6197668767849693 0.8845571642143156 0.6840607408946329 0.4083715739259725 0.24073657633223464 0.5558769372180802 0.6197668767849693 
0.2458525849904756 0.5664674022535949 0.6294767592286103 0.8653003033916055 0.6969496556599922 0.40932280803444887 0.2458525849904756 0.5664674022535949 0.6294767592286103 
0.24280507620142847 0.5604058996972449 0.6292415184921796 0.8756615375598443 0.6979071804064803 0.39159212224431045 0.24280507620142847 0.5604058996972449 0.6292415184921796 
0.2356708387182438 0.5392205966661812 0.6166078204425212 0.9022288608030365 0.6435341920671699 0.40348703210816084 0.2356708387182438 0.5392205966661812 0.6166078204425212 
0.2299666858754535 0.542913032905515 0.624296869431844 0.9090543086376194 0.6839695626302706 0.3718860889794523 0.2299666858754535 0.542913032905515 0.624296869431844 
0.22413327465325442 0.5401382399414973 0.6234029142981776 0.9075116153220335 0.650746649647155 0.34554783892380436 0.22413327465325442 0.5401382399414973 0.6234029142981776 
0.221619948174965 0.5394899951468246 0.6246724649170682 0.9046660994489003 0.6865871292957278 0.3421909143228934 0.221619948174965 0.5394899951468246 0.6246724649170682 
0.22073872522464227 0.5428978631869158 0.6212842877362724 0.9089342036778545 0.6481550262878961 0.34620539411400414 0.22073872522464227 0.5428978631869158 0.6212842877362724 
0.224979683719484 0.5463911876444285 0.6225347072078092 0.8952190223261826 0.6119645768162061 0.33037317351720846 0.224979683719484 0.5463911876444285 0.6225347072078092 
0.22518177378580884 0.5405714525289188 0.6259788352740765 0.8939177996121491 0.5941302120817968 0.33996311432396564 0.22518177378580884 0.5405714525289188 0.6259788352740765 
0.22764028511220072 0.5433412936061944 0.6435442504154307 0.9153268443311887 0.6800187704598047 0.35303672219396603 0.22764028511220072 0.5433412936061944 0.6435442504154307 
0.21952616172278966 0.526196034162343 0.6244027364419225 0.8746248069259553 0.5921601922167448 0.33864794465232784 0.21952616172278966 0.526196034162343 0.6244027364419225 
